# initial value of intrisic and extrinsic parameters
# image2
image_path: "/home/jingxin/traffic-LiDAR-camera-calibration/feature/image2/image2.jpg"
feature_num: 15
fx: 1900
fy: 1900
cx: 960
cy: 540
extrinsic: [9.96042973e-01,  8.88491572e-02,  2.05513431e-03,  2.90000000e+01,
            1.73859948e-02, -1.72123761e-01, -9.84921894e-01, -5.00000000e+00,
            -8.71557427e-02,  9.81060262e-01, -1.72987394e-01,  4.50000000e+01,
            0.00000000e+00,  0.00000000e+00,  0.00000000e+00,  1.00000000e+00]

# image4
# image_path: "/home/jingxin/traffic-LiDAR-camera-calibration/feature/image4/image4.jpg"
# feature_num: 15
# fx: 2500
# fy: 2500
# cx: 960
# cy: 540
# extrinsic: [-0.69201499, -0.72147173,  0.02436807, -3.,        
#                     -0.06054347,  0.02436807, -0.99786807, -1.,        
#                     0.7193398, -0.69201499, -0.06054347, 10.,        
#                     0.,          0.,          0.,          1.]