image_path: "/home/jingxin/calibration/lidar_camera_calibration/feature/image0/001001.jpg"
feature_num: 10
# initial value of intrisic and extrinsic parameters
# image0
fx: 2000
fy: 2000
cx: 960
cy: 540
extrinsic: [9.88910941e-01,  1.48500658e-01,  1.64494210e-03,  2.20000000e+01,
            5.18266263e-02, -3.34706924e-01, -9.40895996e-01, -1.50000000e+01,
            -1.39173101e-01,  9.30547597e-01, -3.38691627e-01,  8.00000000e+01,
            0.00000000e+00,  0.00000000e+00,  0.00000000e+00,  1.00000000e+00]
# # image2
# fx: 2500
# fy: 2500
# cx: 960
# cy: 540
# extrinsic: [1.81243063e-01, -9.80512412e-01,  7.58047654e-02, -3.20000000e+01,
#             -2.90049531e-01, -1.26948323e-01, -9.48554370e-01, -1.80000000e+01,
#             9.39692621e-01,  1.49931762e-01, -3.07405669e-01,  8.80000000e+01,
#             0.00000000e+00,  0.00000000e+00,  0.00000000e+00,  1.00000000e+00]
# # image3
# fx: 2000
# fy: 2000
# cx: 960
# cy: 540
# extrinsic: [-8.22858052e-01, -5.68234203e-01,  3.81006865e-03, -3.60000000e+01,
#             -1.01034265e-01,  1.39702684e-01, -9.85025501e-01, -4.00000000e+00,
#             5.59192903e-01, -8.10921113e-01, -1.72366603e-01,  4.90000000e+01,
#             0.00000000e+00,  0.00000000e+00,  0.00000000e+00,  1.00000000e+00]
# # image5
# fx: 3000
# fy: 3000
# cx: 960
# cy: 540
# extrinsic: [-4.22618262e-01,  9.06307787e-01,  1.53124446e-17, 26.00655157,
#             1.57378696e-01,  7.33868910e-02, -9.84807753e-01, -1.96576897,
#             -8.92538935e-01, -4.16197741e-01, -1.73648178e-01, 36.28594493,
#             0,         0,         0,         1]